Img, Distance, Angle Distance
09323896 OD (1), 50.9313, 6.1066
09323896 OS (1), 31.3847, 4.2879
09323896 OS (2), 19.6469, 2.9275
09237019 OD (1), 415.1205, 35.7384
09237019 OD (2), 38.6005
07091810 OD (1), 121.8524, 7.7181
07091810 OD (3), 81.2158, -6.5805
07091810 OD (4), 62.2254, 7.3283
07091810 OD (5), 264.6828, 8.028
07091810 OD (6), ERROR, -1
09198258 OS (1), 14.8661, -1.0318
09198258 OS (3), 25, 0.49803
09198258 OS (4), 10.198, -0.6821
09198258 OS (5), ERROR, -1
00349225 OD (1), 8.0623, -1.1969
00349225 OD (2), 79.555, -12.7004
00349225 OD (3), 66.0681, -10.5158
00349225 OS (1), 141.3153, 18.2586
00349225 OS (2), 191.5124, -25.7292
09210105 OS (1), 55.7315
09210105 OS (2), 40.6079, 4.2287
09210105 OS (3), 124.2578, 19.5536
09210105 OS (4), 51.6624
09210105 OS (5), 13.0384
09230622 OD (1), 114.2366, 6.9492
09230622 OD (2), 90.4434, 4.4443
09230622 OD (3), 104.7521, 5.873
09230622 OD (4), 90.7579, 4.6657
09230622 OS (2), 88.1022, 5.0128
09230622 OS (3), 148.4891
09230622 OS (4), 315.4124, -29.7329
09230622 OS (5), 60.2163
09230622 OS (6), 63.2851
00518054 OS (2), 40.1123
07093874 OD (1), 252.4143, -18.414
07093874 OD (2), 214.7301, 6.9182
09186494 OS (2), 328.4661
09186494 OS (4), 340.689
09186494 OS (5), 72.3464, 5.5212
00387531 OS (2), 96.1873, -15.0229
09146686 OD (2), 367.4915, -52.8522
09146686 OD (3), 246.0081, 22.8367
09146686 OD (4), 16.5529
09146686 OD (5), 268.4027, 51.5261
09306504 OS (1), 43.8292
09306504 OS (2), 39.5601
09306504 OS (3), 40.1123
09306504 OS (4), 23.3452
00538530 OS (1), 27.313, 2.2867
00538530 OS (3), 58.8558, -3.829
00538530 OS (4), 50.5964, 3.7446
00538530 OS (5), 50.5964
09227227 OD (2), 182.9891, 29.3992
09227227 OD (3), 100.4639, 14.4667
09227227 OD (4), 59.4643, 7.3108
09227227 OD (5), 43.1045
09227227 OD (6), 189.9316, 22.4818
09362244 OS (2), 42.7551, 0.64022
09317927 OD (1), 118.8024, -16.6928
09317927 OD (2), 256.7022, 12.7768
09317927 OD (3), 50.01, 0.93009
09317927 OS (1), 68.2422, 9.2039
09317927 OS (2), 31.9531, -0.85036
09317927 OS (3), 147.2753
09291240 OD (1), 30.0167, 4.0253
09291240 OD (2), 295.4539, 6.2756
09291240 OD (3), 195.4124, 22.0608
09291240 OD (4), 345.4924, 6.7208
09291240 OS (1), 60.0333, 9.3251
09291240 OS (2), 90.956, 11.6591
09291240 OS (3), 302.3326, -30.1691
09291240 OS (4), 89.8888, 13.9766
09228261 OD (1), 28.4429, 4.6615
09228261 OD (2), 43.0465
09228261 OD (3), 358.3197, 7.8415
09228261 OD (4), 82.4621, 5.3438
09228261 OD (5), 68.884, 0.97763
09228261 OD (6), 17.0294, 2.8094
09228261 OS (1), 37.3363, 2.4473
09228261 OS (3), 21.2603, 3.1049
09228261 OS (4), 45.1885, 3.009
09228261 OS (5), 257.4102, -0.44792
09228261 OS (6), 43.9659, 2.4924
09055709 OD (1), 34.6554, -4.1735
09055709 OD (4), 13.0384, -1.8536
09161204 OS (1), 158.3982, 22.0393
09161204 OS (2), 65.0077, 0.85788
09161204 OS (3), 41.6173, 4.7432
09140888 OS (1), 16.2788, 1.2779
09140888 OS (2), 33.2415, 3.3902
09140888 OS (3), 40.8167, 4.8616
09140888 OS (4), 54.8179, 0.72545
09140888 OS (5), 257.07, 3.3867
BORON OD (1), 179.7137, -2.31
BORON OD (2), 191.3766, -0.76277
BORON OD (3), 86.1278
COMISKY OS (1), 174.9171, 24.5069
COMISKY OS (2), 112.361, 5.5642
COMISKY OS (3), 279.8928, 33.1477
GETTEL OD (1), 49.7695, -3.4051
GETTEL OD (2), 63.8201, -6.1631
GETTEL OD (3), 29.4279
KUKLA OS (1), 295.061
KUKLA OS (3), 20.2237
LEMAY OS (1), 45.8803, -3.3962
LEMAY OS (2), 55.0091, -5.0747
REAM OS (1), 15.2643, -2.1944
REAM OS (2), 83.4865, -0.63723
REAM OS (3), 16.1245, -2.0073
RHOADES OS (1), 36.4005, -3.1088
RHOADES OS (2), 176.0824, 14.8043
RHOADES OS (3), 130.6484, -3.4551
VINCENT OD (1), 77.4145
VINCENT OD (2), 86.093
WHITE OD (1), 34.9285, -0.68411
WHITE OD (2), 71.1969, -0.26031

Average Distance: 107.8213
Average Angle Distance: 3.2782

Error cases: 
07091810 OD (6): No Positive
09198258 OS (5): No Positive
