Img, Distance, Angle Distance
09323896 OD (1), 25.2389, 2.8222
09323896 OS (1), 31.0483, 4.3662
09323896 OS (2), 86.4696, 0.87599
09237019 OD (1), 414.812, 35.3885
09237019 OD (2), 38.6005
07091810 OD (1), 164.003, -6.1295
07091810 OD (3), 76.2955, -6.1997
07091810 OD (4), 62.2254, 7.3371
07091810 OD (5), 264.0473, 7.5515
07091810 OD (6), ERROR, -1
09198258 OS (1), 14.0357, -0.20101
09198258 OS (3), 85.3756, 0.4515
09198258 OS (4), 12.7279, 1.1566
09198258 OS (5), 31.7648, 1.3482
00349225 OD (1), 20.6155, -0.69451
00349225 OD (2), 90.7579, -11.3746
00349225 OD (3), 66.0681, -10.2319
00349225 OS (1), 126.0873, 20.7911
00349225 OS (2), 191.6377, -22.55
09210105 OS (1), 55.7315
09210105 OS (2), 244.125, -22.9481
09210105 OS (3), 126.7793, 20.4304
09210105 OS (4), 51.6624
09210105 OS (5), 13.0384
09230622 OD (1), 114.2366, 6.9086
09230622 OD (2), 86.0233, 3.9679
09230622 OD (3), 345.7007, 57.1078
09230622 OD (4), 90.7579, 4.605
09230622 OS (2), 86.8159, 4.2918
09230622 OS (3), 97.949, 4.6267
09230622 OS (4), 347.4536, -30.1233
09230622 OS (5), 60.2163
09230622 OS (6), 57.8014, 5.8632
00518054 OS (2), 40.1123
07093874 OD (1), 198.1565, -18.5964
07093874 OD (2), 216.3007, 6.758
09186494 OS (2), 328.4661
09186494 OS (4), 340.689
09186494 OS (5), 66.4003, 4.6991
00387531 OS (2), 142.0458, -17.1453
09146686 OD (2), 306.2352, -62.332
09146686 OD (3), 280.7775, 29.4924
09146686 OD (4), 364.6108, -37.9477
09146686 OD (5), 284.1918, -13.0496
09306504 OS (1), 43.8292
09306504 OS (2), 25.632, 0.8516
09306504 OS (3), 33.541, 1.5631
09306504 OS (4), 23.3452
00538530 OS (1), 26.4008, 2.2293
00538530 OS (3), 59.2115, -3.1882
00538530 OS (4), 51.264, 4.103
00538530 OS (5), 12.53, 1.7249
09227227 OD (2), 180.8535, 28.763
09227227 OD (3), 390.5125, -38.2793
09227227 OD (4), 80.9197, 8.1755
09227227 OD (5), 43.1045
09227227 OD (6), 249.4674, -48.9044
09362244 OS (2), 49.0408, -0.56783
09317927 OD (1), 118.1397, -16.3995
09317927 OD (2), 268.1529, 12.1032
09317927 OD (3), 236.3155, -0.62746
09317927 OS (1), 79.8812, 7.9267
09317927 OS (2), 30, 2.7138
09317927 OS (3), 147.2753
09291240 OD (1), 29, 2.809
09291240 OD (2), 94.3398, 6.7613
09291240 OD (3), 359.38, 18.6725
09291240 OD (4), 304.9623, 6.6708
09291240 OS (1), 70.1783, 9.7529
09291240 OS (2), 131.1259, 12.2609
09291240 OS (3), 172.6992, -25.8182
09291240 OS (4), 124.3382, 10.3617
09228261 OD (1), 30.4795, 3.8992
09228261 OD (2), 16, 2.7547
09228261 OD (3), 361.884, 9.3022
09228261 OD (4), 42.19, 3.4238
09228261 OD (5), 24.4131, 2.2407
09228261 OD (6), 16.0312, 2.6588
09228261 OS (1), 25.4558, 3.3586
09228261 OS (3), 25.0599, 4.05
09228261 OS (4), 24.5967, 2.1266
09228261 OS (5), 340.3307, 4.2081
09228261 OS (6), 27.2947, 2.3598
09055709 OD (1), 54.4059, -3.59
09055709 OD (4), 31.1448, -4.2318
09161204 OS (1), 164.1036, 22.87
09161204 OS (2), 207.5042, 6.3991
09161204 OS (3), 37, -2.2398
09140888 OS (1), 16.2788, 1.406
09140888 OS (2), 40.3113, 1.7343
09140888 OS (3), 58.8218, 4.4313
09140888 OS (4), 33.2866, -1.8434
09140888 OS (5), 257.0019, 3.7747
BORON OD (1), 179.7137, -2.4149
BORON OD (2), 187.6006, -1.8198
BORON OD (3), 59.0339, 0.71676
COMISKY OS (1), 166.0903, 24.2248
COMISKY OS (2), 286.4001, 34.7943
COMISKY OS (3), 28.0713, 4.0516
GETTEL OD (1), 54.1202, -4.2611
GETTEL OD (2), 121.4578, -4.367
GETTEL OD (3), 51.9711, -3.591
KUKLA OS (1), 295.061
KUKLA OS (3), 20.2237
LEMAY OS (1), 42.72, -3.2513
LEMAY OS (2), 36.1386, -2.0269
REAM OS (1), 43.3244, -3.4798
REAM OS (2), 75.06, -1.6246
REAM OS (3), 37.855, -2.0668
RHOADES OS (1), 42.4382, -3.433
RHOADES OS (2), 130.1384, 0.85943
RHOADES OS (3), 132.3782, -2.8328
VINCENT OD (1), 253.2982, -19.3819
VINCENT OD (2), 189.2564, -34.7608
WHITE OD (1), 37, 0.50651
WHITE OD (2), 71.4493, 0.40173
